 0   0   0   0   0   1   0   0   2   0   0   1   0   0   2   0   0   0   0   0   0   0   0
-1   0   0   0   0  41   0   0   2   0   0  41   0   0   2   0   0   0   0   0   0   0   0
 0   3   3   3   3   3   3   3   3   3   3   3   3   3   3   3   3   3   3   3   3   3   0
 0   3  -5   0   0   1   0   0  42   0   0   1   0   0  42   0   0   0   0   0   1   3  41
 0   3   2   0   2   1   0   0   2   0   0   1   0   0   2   0   0   0  42   0   0   3   2
 0   3   2   0   2   1   0   0   2   0   0   1   0   0   2   0   0   0   0   0   1   3  41
 0   3   2   0   2   1   0   0   2   0   0   1   0   0   2   0   0   0  42   0   0   3   2
 0   3   2   2   2   1   0   0   2   0   0   1   0   0   2   0   0   0   0   0   1   3  41
 0   3   3   3   3   3   3   3   3   3   3   3   3   3   3   3   3   3   3   3   3   3   0
 0   0   0   0   0   1   0   0   2   0   0   1   0   0   2   0   0   0   0   0   0   0   0
 0   0   0   0   0   1   0   0   2   0   0   1   0   0   2   0   0   0   0   0   0   0   0
