3   3   3   3   3   3   0   0   0   3   0   0   0   0   3   3   3   3   3   3   3   3   3
3   0   0   0  31   3   0  33   0   3   0   0   0   0   3   3  33  21   3   1   1   1   3
3   0   0   0   0   3   0   1   0   3   0   0   0  31   3   3   3  21   3   1   1   1   3
3   1   1   1   1   3   0   1   0   3   3   3   0   0   3   3   3  21   3   1   1   1   3
3   1   1   1   1   3   0   1   0   0   0   3   0   0   3   3   3  31   3   1  33   1   3
3   1   1   1   1   3   0   1   0   0  21   3   0   0   3   3   3   3   3   3   3   3   3
3   1   1   1   1   3   0   1   0   0   0   3   0   0   3   3   3  31   3   2  33   2   3
3   1   1   1   1   3   0   1   0   3   3   3   0   0   3   3   3  21   3   2   2   2   3
3   0   0   0   0   3   0   1   0   2   0   0   0  31   3   3   3  21   3   2   2   2   3
3  -2   0   0   0   3   0   1   1   2   0   0   0   0   3   3  33  21   3   2   2   2   3
3   3   3   3   3   3   0   0   0   2   0   0   0   0   3   3   3   3   3   3   3   3   3
