  0   0   0   3   0   1   1   1   1   2   2   2   2   3   0   0   1   1   1   3   0  33   0
  0   0   0   3   0   1   1   1   1   2   2   2   2   3   0   0   1   1   1   3   0   0   0
  0   0  -7   3   0   1   1   1   1   2   2   0   3   3   3   0   1  22   1   3   0   0   0
  3   3   3   3   0   1   1   1   1   2   2   0   3  62   3   0   1   1   1   3   0   0   0
  2   0   0   0   0   1   1   1   1   2   2   0   3   0   3   0   1   1   1   3   0   0   0
 61  -1   0   0   0   1   1   1   1   2   2  32   3   0   3   0   1   1  31   3   0   0   0
  2   0   0   0   0   1   1   1   1   2   2   0   3  33   3   0   1  22   1   3   0   0   0
  3   3   3   3   0   1   1   1   1   2   2   0   3   0   3   0   1   1   1   3   1   3   3
 -5   0   0   3   0   1   1   1   1   2   2   0   3   3   3   0   1   1   1   3   2   3   3
  0   0   0   3   0   1   1   1   1   2   2   2   2   3   0   0   1   1   1   3   1   3   3
  0   0   0   3   0   1   1   1   1   2   2   2   2   3   0   0   1  22   1   3   2   3   3
