 3   3   3   3   3   3   3   3   3   3   3   3   3   3   3   3   3   3   3   3   3   3   3
 3  -5   0   1   1   1   1   1   1   0   0   0   0  52   1   0   0   0   0   0   0   1   3
 3   3   3   3   3   3   3   3   3   3   3   3   3   3   3   3   3   3   3   3   3   3   3
 3  -5   0   0   0   0   0   1   1   0  42   1   1   1   1   0  22  42  42  42  42   1   3
 3   3   3   3   3   3   3   3   3   3   3   3   3   3   3   3   3   3   3   3   3   3   3
 3  -1   0   0   0   0   0   0  51   2   2   2   2   2  51   0   0   2   2   2   2   2   3
 3   3   3   3   3   3   3   3   3   3   3   3   3   3   3   3   3   3   3   3   3   3   3
 3  -5   0   0   0   0   0   1   1   0   0   0   1   1   1   0  22  42  42  42  42   1   3
 3   3   3   3   3   3   3   3   3   3   3   3   3   3   3   3   3   3   3   3   3   3   3
 3  -5   0   1   1   1   1   1   1   0   0   0   0   1   1   0   0   0   0   0   0   1   3
 3   3   3   3   3   3   3   3   3   3   3   3   3   3   3   3   3   3   3   3   3   3   3
